#Insert size (bp)	insert size
22.0	1.0
24.0	2.0
25.0	1.0
27.0	1.0
28.0	2.0
29.0	8.0
30.0	12.0
31.0	35.0
32.0	107.0
33.0	134.0
34.0	120.0
35.0	143.0
36.0	165.0
37.0	176.0
38.0	182.0
39.0	172.0
40.0	932.0
41.0	893.0
42.0	992.0
43.0	1027.0
44.0	1055.0
45.0	1202.0
46.0	1294.0
47.0	1439.0
48.0	1470.0
49.0	1523.0
50.0	1658.0
51.0	1701.0
52.0	1965.0
53.0	2057.0
54.0	2403.0
55.0	2583.0
56.0	2966.0
57.0	3314.0
58.0	3510.0
59.0	3917.0
60.0	4228.0
61.0	4531.0
62.0	4900.0
63.0	5419.0
64.0	6216.0
65.0	7012.0
66.0	8219.0
67.0	9299.0
68.0	10482.0
69.0	12177.0
70.0	12820.0
71.0	14495.0
72.0	16153.0
73.0	17654.0
74.0	19905.0
75.0	22051.0
76.0	25020.0
77.0	28423.0
78.0	31660.0
79.0	34637.0
80.0	38444.0
81.0	41085.0
82.0	44103.0
83.0	47572.0
84.0	51547.0
85.0	56147.0
86.0	61279.0
87.0	68167.0
88.0	82497.0
89.0	80664.0
90.0	84691.0
91.0	87571.0
92.0	92081.0
93.0	95941.0
94.0	100617.0
95.0	104824.0
96.0	110621.0
97.0	116138.0
98.0	123339.0
99.0	128329.0
100.0	132661.0
101.0	135976.0
102.0	138349.0
103.0	140601.0
104.0	142188.0
105.0	146063.0
106.0	148658.0
107.0	152212.0
108.0	157192.0
109.0	159295.0
110.0	162985.0
111.0	163498.0
112.0	164195.0
113.0	164314.0
114.0	163888.0
115.0	164672.0
116.0	165996.0
117.0	167247.0
118.0	167946.0
119.0	168566.0
120.0	171300.0
121.0	169022.0
122.0	169340.0
123.0	168548.0
124.0	165511.0
125.0	164744.0
126.0	164420.0
127.0	161815.0
128.0	162650.0
129.0	162388.0
130.0	161979.0
131.0	162157.0
132.0	162695.0
133.0	158852.0
134.0	155682.0
135.0	152986.0
136.0	150653.0
137.0	149337.0
138.0	147823.0
139.0	147159.0
140.0	147379.0
141.0	145753.0
142.0	143842.0
143.0	142721.0
144.0	139328.0
145.0	137492.0
146.0	133960.0
147.0	132661.0
148.0	129620.0
149.0	128898.0
150.0	128628.0
151.0	127293.0
152.0	126291.0
153.0	123829.0
154.0	122321.0
155.0	120549.0
156.0	118043.0
157.0	114564.0
158.0	112226.0
159.0	112457.0
160.0	110602.0
161.0	109334.0
162.0	109135.0
163.0	106643.0
164.0	105670.0
165.0	102116.0
166.0	100194.0
167.0	99107.0
168.0	97100.0
169.0	94907.0
170.0	93183.0
171.0	93239.0
172.0	92024.0
173.0	89676.0
174.0	90335.0
175.0	87183.0
176.0	86136.0
177.0	83704.0
178.0	83003.0
179.0	80344.0
180.0	79565.0
181.0	79566.0
182.0	78311.0
183.0	76895.0
184.0	75479.0
185.0	74372.0
186.0	72879.0
187.0	71400.0
188.0	68795.0
189.0	68685.0
190.0	67471.0
191.0	66586.0
192.0	66080.0
193.0	64809.0
194.0	64095.0
195.0	62977.0
196.0	61766.0
197.0	61405.0
198.0	59594.0
199.0	58475.0
200.0	56719.0
201.0	56600.0
202.0	55556.0
203.0	54050.0
204.0	54002.0
205.0	52774.0
206.0	51711.0
207.0	51280.0
208.0	50222.0
209.0	48990.0
210.0	47090.0
211.0	46973.0
212.0	46570.0
213.0	46114.0
214.0	44532.0
215.0	44129.0
216.0	43280.0
217.0	42923.0
218.0	42304.0
219.0	41593.0
220.0	40288.0
221.0	39938.0
222.0	39389.0
223.0	38880.0
224.0	37822.0
225.0	37132.0
226.0	36541.0
227.0	36069.0
228.0	35562.0
229.0	34851.0
230.0	34037.0
231.0	33344.0
232.0	32902.0
233.0	32137.0
234.0	31807.0
235.0	31140.0
236.0	31082.0
237.0	30237.0
238.0	29760.0
239.0	29183.0
240.0	28644.0
241.0	28232.0
242.0	28052.0
243.0	27249.0
244.0	26728.0
245.0	26235.0
246.0	25817.0
247.0	25606.0
248.0	25059.0
249.0	24613.0
250.0	24182.0
251.0	23531.0
252.0	23354.0
253.0	22565.0
254.0	22382.0
255.0	21961.0
256.0	21920.0
257.0	21353.0
258.0	20774.0
259.0	20285.0
260.0	20367.0
261.0	20268.0
262.0	19633.0
263.0	19113.0
264.0	18740.0
265.0	18548.0
266.0	18269.0
267.0	17949.0
268.0	17540.0
269.0	16972.0
270.0	16921.0
271.0	16773.0
272.0	16593.0
273.0	16116.0
274.0	16126.0
275.0	15446.0
276.0	15421.0
277.0	15117.0
278.0	14983.0
279.0	14563.0
280.0	14165.0
281.0	13904.0
282.0	13499.0
283.0	13690.0
284.0	13352.0
285.0	12960.0
286.0	12654.0
287.0	12461.0
288.0	12403.0
289.0	12406.0
290.0	12180.0
291.0	11962.0
292.0	11502.0
293.0	11400.0
294.0	11114.0
295.0	11192.0
296.0	10745.0
297.0	10665.0
298.0	10680.0
299.0	10127.0
300.0	10301.0
301.0	9930.0
302.0	9851.0
303.0	9854.0
304.0	9300.0
305.0	9062.0
306.0	9125.0
307.0	8790.0
308.0	8921.0
309.0	8871.0
310.0	8577.0
311.0	8421.0
312.0	8279.0
313.0	8134.0
314.0	7930.0
315.0	7868.0
316.0	7741.0
317.0	7509.0
318.0	7616.0
319.0	7245.0
320.0	7209.0
321.0	7060.0
322.0	7109.0
323.0	6792.0
324.0	6751.0
325.0	6623.0
326.0	6270.0
327.0	6222.0
328.0	6350.0
329.0	6243.0
330.0	6163.0
331.0	6014.0
332.0	6037.0
333.0	5653.0
334.0	5612.0
335.0	5536.0
336.0	5575.0
337.0	5433.0
338.0	5206.0
339.0	5121.0
340.0	5073.0
341.0	5165.0
342.0	5044.0
343.0	4796.0
344.0	4782.0
345.0	4726.0
346.0	4643.0
347.0	4439.0
348.0	4511.0
349.0	4465.0
350.0	4321.0
351.0	4306.0
352.0	4324.0
353.0	4079.0
354.0	3979.0
355.0	4046.0
356.0	3990.0
357.0	3951.0
358.0	3807.0
359.0	3775.0
360.0	3752.0
361.0	3664.0
362.0	3584.0
363.0	3496.0
364.0	3314.0
365.0	3498.0
366.0	3403.0
367.0	3376.0
368.0	3281.0
369.0	3112.0
370.0	3179.0
