# Position (bp)	A	C	G	T	N
0.0	28.5226063589461	21.3751467553903	20.28490590561651	29.817340980047085	0.0
1.0	28.32755249666236	22.251855296652202	20.609970491381002	28.810621715304435	0.0
2.0	28.455421164969074	22.153809332968084	20.772095985255397	28.618673516807448	0.0
3.0	28.65248235282205	21.568624489322577	21.357397079503304	28.421496078352064	0.0
4.0	28.730617009753495	22.01681077953415	21.054003146136946	28.198569064575413	0.0
5.0	28.794883172984065	22.07807161796933	21.053184175331786	28.073861033714824	0.0
6.0	29.04574432301904	21.506366925998577	21.19674990363185	28.251138847350532	0.0
7.0	28.640115583231413	21.943407799149806	21.048835828161728	28.36717375373335	4.670357237023371E-4
8.0	28.88399482931967	22.001390772510202	20.694259811025866	28.42020637081868	1.4821632558641092E-4
9.0	29.097285173150972	21.183580680147436	21.183303832775685	28.535564652306544	2.6566161935689974E-4
10.0	28.822331884956775	21.62657667056906	20.987874541839734	28.56302954747465	1.873551597806748E-4
11.0	28.82816165303176	21.913147290530997	20.777930062845133	28.480760993592114	0.0
12.0	28.904832095818513	21.178095769521267	21.32121889701745	28.595842053090166	1.1184552611744027E-5
13.0	28.56552684793478	21.975840145490046	20.95964444614446	28.498988560430718	0.0
14.0	28.6567917016518	22.057542543461953	20.77340564945971	28.512257309411748	2.7960147842077728E-6
15.0	28.89714472723836	21.51588096326854	21.038471383454677	28.54831559695	1.8732908841891034E-4
16.0	28.448139056331573	22.093553239316908	20.93142523233837	28.526868492568525	1.3979444624623953E-5
17.0	28.831032801209993	21.941198498459023	20.801287268377163	28.426481431953825	0.0
18.0	28.980690726360802	21.421909885210333	21.11670583833093	28.48068516275993	8.38733800485694E-6
19.0	28.58033577995471	21.90592064331405	20.967384352086686	28.541178729541304	0.0051804951032439405
20.0	28.704984949227264	22.09177001515701	21.00273327132163	28.200511764294095	0.0
21.0	28.855339626727677	21.323307100201585	21.299673740533166	28.52167953253757	0.0
22.0	28.600024912752943	21.725405262127037	21.178286536642226	28.496277696389594	5.5920882017703715E-6
23.0	28.869780965286008	21.97708398848305	21.07434896690428	28.07878607932666	0.0
24.0	29.009762460233834	21.366299218887402	21.275061142096014	28.34887717878275	0.0
25.0	28.57766876733285	21.966105291962617	21.047814795908035	28.408411144796503	0.0
26.0	28.551229654473172	22.036023417173563	21.05518256681742	28.357564361535847	0.0
27.0	28.933599099368124	21.34661193762433	21.34842461452992	28.3713447670913	1.9581386325786436E-5
28.0	28.5705885028729	21.89760344427149	21.12895590261142	28.40279619896075	5.595128344131278E-5
29.0	28.51068031196081	22.05005743390778	21.00079783849194	28.438414055879136	5.0359760335662354E-5
30.0	28.624588165535574	21.312004044310132	21.34113379911096	28.722273991043334	0.0
31.0	28.427532546376177	21.73298036517128	21.36859929476509	28.470854215336622	3.35783508284003E-5
32.0	28.534599700152025	21.928569579632164	21.313238994788687	28.22350777359029	8.395183683120993E-5
33.0	28.96727996929797	21.304389476915592	21.2789163995823	28.44868371329181	7.30440912325737E-4
34.0	28.404156565625044	21.79385822896947	21.298255182055808	28.503660052963102	6.997038657323139E-5
35.0	28.59490574683611	21.836554178435595	21.102871754022985	28.464229612461544	0.0014387082437674473
36.0	28.84659467777082	21.431144959916516	21.381256321982423	28.34100404033024	0.0
37.0	28.399543207828398	21.77741168758403	21.326831652118585	28.49383385998847	0.0023795924805101575
38.0	28.620717373373942	22.007532463263654	21.214226336138406	28.1513026308801	0.0062211963438964235
39.0	28.61076473135829	21.422283411182093	21.51989198570573	28.447006669914593	5.3201839293988076E-5
40.0	28.396894732393758	21.91936406133981	21.164319645364476	28.519331945375527	8.961552642764674E-5
41.0	28.48053783723186	22.116273438684907	21.16137595739517	28.241807164917116	5.601770943866194E-6
42.0	28.788749399470277	21.52339999971987	21.477646287640784	28.210204313169072	0.0
43.0	28.397480404034383	21.985677820070894	21.23322165444032	28.38360891443392	1.1207020481082087E-5
44.0	28.434461774261692	22.045935017524087	21.253336145265397	28.266267062948824	0.0
45.0	28.597891161436884	21.35285578183128	21.450630393442335	28.598622663289504	0.0
46.0	28.42067301256963	21.761646135433114	21.290750663984703	28.526148081378892	7.82106633651862E-4
47.0	28.36455560484027	22.06998977731596	21.182769590346826	28.382685027496947	0.0
48.0	28.63768153983991	21.436418471590724	21.639903951263996	28.285996037305374	0.0
49.0	28.289839621571915	21.86332555553617	21.405874844541763	28.44095997835015	0.0
50.0	28.47498335081368	22.027901053907453	21.287035058303225	28.21008053697564	0.0
51.0	28.735562125451793	21.367942082991608	21.508648202597954	28.38784758895865	0.0
52.0	28.437017243292793	21.77173771054641	21.31664719570753	28.474597850453264	0.0
53.0	28.38363112147268	21.971776647483114	21.38925137258032	28.255340858463885	0.0
54.0	28.675650005252674	21.294876898891708	21.597293805078472	28.43217929077715	0.0
55.0	28.19265575703383	21.89423893961589	21.417905838232077	28.49519946511821	0.0
56.0	28.29005834637442	21.889394285798417	21.513181143325273	28.30736622450189	0.0
57.0	28.810432357570075	21.215492660218242	21.486415279436503	28.487659702775183	0.0
58.0	28.367833339907637	21.66105657844007	21.72604800002789	28.2450620816244	0.0
59.0	28.453505331420764	21.748990977885537	21.423298104970925	28.374205585722773	0.0
60.0	28.802188187649236	21.184908541526358	21.41943519575607	28.593468075068333	0.0
61.0	28.219339626956607	21.804466305338167	21.450463718168837	28.52573034953639	0.0
62.0	28.322299192462978	22.03915248741689	21.201768120893387	28.436780199226746	0.0
63.0	28.63584899525833	21.396886666428877	21.493496171485617	28.473768166827174	0.0
64.0	28.258294695570836	21.730879110356057	21.51664703875755	28.494179155315557	0.0
65.0	28.29917897592579	21.88807076788233	21.439106325772496	28.373477512528655	1.6641789072431524E-4
66.0	28.421217380161355	21.51046387845364	21.742752397520828	28.32556634386418	0.0
67.0	28.281270814546687	21.821020236075306	21.42348534503379	28.474223604344218	0.0
68.0	28.5236583144671	21.89262388210836	21.489859333067006	28.093858470357535	0.0
69.0	28.610115249992045	21.27132561770335	21.770829218367147	28.347729913937453	0.0
70.0	28.2089104217978	21.745621594486543	21.463502832617287	28.58196515109837	0.0
71.0	28.407430828107135	21.852286078493776	21.49814071058718	28.242142382811906	0.0
72.0	28.470506601235062	21.264081658056888	21.6468537997137	28.61855794099435	0.0
73.0	28.197279880600483	21.806288434377493	21.416577259762697	28.579854425259327	0.0
74.0	28.3000674445553	22.05604686969441	21.277737726679945	28.366147959070346	0.0
75.0	28.676746783737254	21.336214833927404	21.544932966028068	28.44210541630727	0.0
76.0	28.192438771253087	21.61852150457478	21.670518971485073	28.51852075268706	0.0
77.0	28.280807141433296	21.73782086216565	21.507475814200006	28.473896182201052	0.0
78.0	28.57636641849095	21.199049210054106	21.757917409680903	28.466666961774035	0.0
79.0	28.164906557748782	21.61955481300813	21.647934539046062	28.56760409019703	0.0
80.0	28.49238452509777	21.81086735659294	21.317535104305506	28.379213014003785	0.0
81.0	28.561840961133328	21.164673978715744	21.712436329885165	28.56104873026576	0.0
82.0	28.22033126867361	21.61197194934695	21.589153344984197	28.57854343699524	0.0
83.0	28.39280686418689	21.8273839113132	21.42135936451458	28.358449859985324	0.0
84.0	28.588160086123025	21.22237396615855	21.731668233182337	28.45779771453609	0.0
85.0	28.3086234915997	21.57522537154225	21.616965540459525	28.49918559639853	0.0
86.0	28.360418212113903	21.87395764516306	21.42235410038624	28.343270042336798	0.0
87.0	28.578782088209863	21.219926844152248	21.706784546075134	28.49450652156275	0.0
