# Position (bp)	A	C	G	T	N
0.0	28.53602845807644	21.37542445309071	20.28312766038959	29.805419428443265	0.0
1.0	28.34330481523166	22.243158245588575	20.61431109278748	28.79922584639228	0.0
2.0	28.456688492007633	22.161121793509636	20.76365930287593	28.618530411606802	0.0
3.0	28.64311245960548	21.575090638842248	21.36077532091333	28.421021580638943	0.0
4.0	28.726496497075953	22.024498884207695	21.04803377254991	28.200970846166445	0.0
5.0	28.80283247142051	22.078441881672596	21.04967526192646	28.069050384980436	0.0
6.0	29.047487283884806	21.51106233368528	21.19095718057488	28.250493201855033	0.0
7.0	28.644314786501017	21.945842150550263	21.04073554221085	28.368650192303786	4.573284340848576E-4
8.0	28.882073172710083	22.007342521948217	20.68806695590043	28.422373461403094	1.438880381782928E-4
9.0	29.098248201366932	21.184643382006797	21.177543282760496	28.539305718007686	2.5941585808576535E-4
10.0	28.81992090814854	21.63268416635719	20.982597476013005	28.564614258194926	1.831912863401839E-4
11.0	28.825065488924768	21.916586425027425	20.772253930905997	28.48609415514181	0.0
12.0	28.898857117097286	21.1823582352356	21.31721736467494	28.6015560200938	1.1262898376810797E-5
13.0	28.564628774724483	21.97721595270584	20.956576599569146	28.501578673000534	0.0
14.0	28.65060845795294	22.06309887646405	20.772088373807453	28.514201478448424	2.8133271357612083E-6
15.0	28.89397582026534	21.51806562122728	21.037733063401006	28.5500370786678	1.8841643857497555E-4
16.0	28.445971159975063	22.09513033810674	20.9311368681889	28.52774757845129	1.4055278002857439E-5
17.0	28.833336354121837	21.940161130263846	20.79910393577832	28.427398579835998	0.0
18.0	28.97486820362461	21.42328147152949	21.11854383014423	28.483298067688743	8.427012924762534E-6
19.0	28.579082074345674	21.90963414154041	20.965881294542825	28.54023289514305	0.0051695944280476976
20.0	28.702409363727504	22.09659384093123	20.999062367416446	28.201934427924826	0.0
21.0	28.85101403217803	21.327372241952496	21.299310186983362	28.522303538886106	0.0
22.0	28.59869298274924	21.72548586568101	21.178474651273582	28.49734088926292	5.6110332439972675E-6
23.0	28.866735781489528	21.983169817902233	21.07326581674751	28.07682858386073	0.0
24.0	29.011243216163656	21.371345494830457	21.26860747255267	28.348803816453216	0.0
25.0	28.57780785182067	21.972560498347814	21.04356287047798	28.40606877935354	0.0
26.0	28.5452645544163	22.045137923457485	21.053009451878303	28.356588070247913	0.0
27.0	28.933932679759078	21.349493674292198	21.345059400212577	28.37149462505438	1.9620681768238264E-5
28.0	28.572481186920417	21.89789800293617	21.12423682724282	28.405327928823432	5.6054077161968617E-5
29.0	28.508697001247423	22.05281805080634	20.99922697307947	28.439207530824675	5.044404208781837E-5
30.0	28.62439957020806	21.316134706102968	21.338661681869223	28.720804041819754	0.0
31.0	28.423902545063527	21.736910630722658	21.36886331659018	28.470289883458083	3.362416555328648E-5
32.0	28.533668937873774	21.93204848617776	21.313591190957997	28.220607328818414	8.40561720499835E-5
33.0	28.96561632770896	21.306726304193358	21.275643378595777	28.451282725432954	7.312640689533266E-4
34.0	28.40129263241827	21.798730873555094	21.296224153410236	28.50368229897945	7.004163695150219E-5
35.0	28.59380897040315	21.83616200756093	21.100022264730757	28.468563906375167	0.001442850929993069
36.0	28.843337245705825	21.434113037961257	21.38218776575141	28.340361950581507	0.0
37.0	28.397220992382888	21.780403979317107	21.325782893398877	28.49421634959972	0.0023757853014029656
38.0	28.618452452580623	22.009537459414805	21.21557289126845	28.15027053060646	0.006166666129663332
39.0	28.609403920821038	21.425344142272838	21.520078984179797	28.445119718312622	5.323441370614682E-5
40.0	28.394178042598327	21.923706933292493	21.165643999873794	28.51638135840704	8.966582834721277E-5
41.0	28.479603074741554	22.119601617518068	21.161208150363045	28.239578750318767	8.407058566372327E-6
42.0	28.78747120563973	21.525473987611456	21.478307150866893	28.20874765588193	0.0
43.0	28.394281249152055	21.989665224217273	21.23438913124062	28.381653182900596	1.1212489457456787E-5
44.0	28.432768766851886	22.049347254379068	21.255613042649493	28.262270936119556	0.0
45.0	28.59738557744189	21.355516299018458	21.45077531037624	28.596322813163404	0.0
46.0	28.416003754393827	21.76500264675004	21.291552313779544	28.526653136121823	7.881489547672339E-4
47.0	28.363379828621483	22.07220366523561	21.183493879532964	28.380922626609944	0.0
48.0	28.638070455336056	21.437373065798624	21.640431306602988	28.284125172262332	0.0
49.0	28.288476637006728	21.86348155631464	21.405468024779275	28.442573781899362	0.0
50.0	28.472316695426297	22.030925624937613	21.283756416514727	28.213001263121363	0.0
51.0	28.731243291206997	21.369835365162952	21.507805097936966	28.391116245693084	0.0
52.0	28.43550925337852	21.775237897439187	21.315178427961147	28.474074421221147	0.0
53.0	28.38144706953129	21.97460508064213	21.38791295960236	28.256034890224225	0.0
54.0	28.67344844417053	21.298609830269058	21.596710197802	28.43123152775841	0.0
55.0	28.191892162900423	21.895457991665094	21.418832817646162	28.49381702778832	0.0
56.0	28.290264465353125	21.889687524938225	21.513344715763594	28.306703293945052	0.0
57.0	28.81125572628952	21.217908321656125	21.485923656041873	28.48491229601248	0.0
58.0	28.368065570076613	21.66326611086075	21.725115479945924	28.24355283911672	0.0
59.0	28.452146563655706	21.749990009979875	21.42277105742658	28.37509236893784	0.0
60.0	28.79899810113819	21.18712078592758	21.418388078811113	28.59549303412312	0.0
61.0	28.214105643493205	21.806381112345353	21.4526213087654	28.526891935396044	0.0
62.0	28.317699223060988	22.04250445467039	21.203703057964034	28.436093264304592	0.0
63.0	28.633839420245216	21.398630859834434	21.492895404388	28.47463431553234	0.0
64.0	28.256953699391918	21.732098020014128	21.517758880316812	28.493189400277142	0.0
65.0	28.296914183555256	21.891304862832712	21.43831623466014	28.373300556744802	1.64162207091813E-4
66.0	28.419494916786782	21.513874385459843	21.74123898050655	28.325391717246827	0.0
67.0	28.284261181157454	21.816500554246982	21.423369671320376	28.475868593275184	0.0
68.0	28.51714021830261	21.895861728276145	21.489050395114482	28.097947658306765	0.0
69.0	28.613367235645743	21.273685871927064	21.761285142772966	28.351661749654227	0.0
70.0	28.2101916330127	21.751385871921865	21.45749578035874	28.580926714706695	0.0
71.0	28.4012648182213	21.851530022409822	21.497284770810293	28.24992038855858	0.0
72.0	28.469866776184734	21.26158072154546	21.64598113726477	28.622571365005033	0.0
73.0	28.18147920358389	21.81305196664297	21.415785757828314	28.589683071944823	0.0
74.0	28.29260403281506	22.06272065180182	21.27172376990105	28.372951545482074	0.0
75.0	28.678832026406543	21.334973811427396	21.54055453012906	28.445639632037	0.0
76.0	28.18878738786718	21.616737448231575	21.670034965694622	28.524440198206623	0.0
77.0	28.274376355638676	21.739615656026533	21.504615167664294	28.481392820670496	0.0
78.0	28.57369782057254	21.19823435852737	21.75964990951783	28.46841791138226	0.0
79.0	28.162709622169473	21.61215578755838	21.650867949590026	28.574266640682122	0.0
80.0	28.494017882610606	21.804417291896925	21.31871736966835	28.382847455824116	0.0
81.0	28.55724017954413	21.165369430400265	21.717582228839824	28.559808161215777	0.0
82.0	28.21919452285012	21.607912342128852	21.592204693405375	28.580688441615653	0.0
83.0	28.394754186980244	21.81925431612624	21.423089076908717	28.362902419984803	0.0
84.0	28.58864194691074	21.215510421365604	21.7422159350333	28.45363169669035	0.0
85.0	28.30166565167816	21.57620672152595	21.62376166975188	28.498365957044015	0.0
86.0	28.349454188824197	21.88172176947821	21.423593577321665	28.345230464375927	0.0
87.0	28.57911164771012	21.208036687654616	21.704747821491534	28.50810384314373	0.0
