# Position (bp)	A	C	G	T	N
0.0	28.423473013450252	21.459107809753622	20.348990822208446	29.768428354587684	0.0
1.0	28.08004713692913	22.263764020994305	20.874285676728647	28.78190316534791	0.0
2.0	28.3454222656646	22.290220485468947	20.98806307252347	28.376294176342988	0.0
3.0	28.57037098922892	21.650387709943324	21.428682902060338	28.35055839876741	0.0
4.0	28.590339292694587	22.07757149062657	21.20532360101318	28.12676561566566	0.0
5.0	28.619289959329343	22.23220306695225	21.213217660148022	27.935289313570387	0.0
6.0	28.887615685487454	21.708340155349017	21.266445998037632	28.137598161125897	0.0
7.0	28.490563013520543	22.177317140365176	21.160330562907262	28.171789283207023	0.0
8.0	28.828884207733406	22.26895943754003	20.74962973703989	28.152526617686668	0.0
9.0	28.947280725587994	21.496972752088876	21.266400666399488	28.28934585592365	0.0
10.0	28.65780938098049	21.92937779492591	21.087142250155715	28.325670573937888	0.0
11.0	28.64628547574441	22.14659127723738	20.807824879367654	28.39929836765056	0.0
12.0	28.617088756732183	21.536080566073995	21.44405421820481	28.40277645898901	0.0
13.0	28.4625956342565	22.253004881338832	21.040831679236017	28.243567805168656	0.0
14.0	28.448604517795502	22.427944061076758	20.86144720049572	28.26200422063202	0.0
15.0	28.711156963862482	21.825631792487716	21.15464204856311	28.30856919508669	0.0
16.0	28.313725169272303	22.350985972902173	21.033810434066368	28.301478423759157	0.0
17.0	28.642122545680188	22.308311830926243	20.785739572657295	28.263826050736274	0.0
18.0	28.841780122643858	21.78658835299951	21.091090739528607	28.28054078482803	0.0
19.0	28.471568016616228	22.143683238973626	21.00801284928927	28.376735895120873	0.0
20.0	28.598818561485746	22.36067153386264	21.057864792115176	27.982645112536435	0.0
21.0	28.56837970546171	21.67560729707283	21.392405772317733	28.36360722514773	0.0
22.0	28.50064317948008	21.90632458927655	21.204150766064238	28.388881465179132	0.0
23.0	28.704208720653625	22.24805209734322	21.140222634517002	27.907516547486154	0.0
24.0	28.82310949158037	21.75268321872423	21.261538379575164	28.16266891012023	0.0
25.0	28.40743916919199	22.304671145720487	21.036868207230956	28.25102147785657	0.0
26.0	28.510571830071445	22.308803813185598	21.078982922055264	28.10164143468769	0.0
27.0	28.74964787373998	21.7153717993605	21.347083187511082	28.187897139388436	0.0
28.0	28.438743245818777	22.162428432117235	21.198122381134382	28.20070594092961	0.0
29.0	28.275630024918897	22.368378714326013	21.132505788941653	28.223485471813436	0.0
30.0	28.534601218860228	21.57254714217011	21.373343973295132	28.51950766567453	0.0
31.0	28.26557234502155	21.97354102390374	21.50350742849857	28.257379202576143	0.0
32.0	28.428447749596614	22.14585668052734	21.51931008651849	27.906385483357553	0.0
33.0	28.8428243972076	21.603913749982574	21.40093830232338	28.152323550486447	0.0
34.0	28.308057294256823	22.05180200846569	21.35186447927859	28.28827621799889	0.0
35.0	28.4130786149544	22.098919163583062	21.10625507482361	28.381747146638926	0.0
36.0	28.69049131751831	21.733495249679162	21.43419439662182	28.141819036180713	0.0
37.0	28.262202083944537	22.106317050118022	21.34054718366076	28.29093368227668	0.0
38.0	28.528473288873453	22.237651881197717	21.278129299862634	27.955745530066196	0.0
39.0	28.449237630492956	21.708811046441685	21.635656623225554	28.206294699839805	0.0
40.0	28.24155905917443	22.131300432338087	21.262986266597913	28.364154241889572	0.0
41.0	28.344003716900506	22.39926788086329	21.210700380223752	28.046028022012447	0.0
42.0	28.603201411777	21.87742859669958	21.510127199055457	28.009242792467965	0.0
43.0	28.30578320597536	22.270411982068257	21.265693822391814	28.158110989564573	0.0
44.0	28.337752537736733	22.239812612868924	21.435925536332707	27.986509313061635	0.0
45.0	28.41296110628637	21.57566609875659	21.605569139002103	28.405803655954937	0.0
46.0	28.381522688999627	21.940201093735155	21.34051127435524	28.337764942909978	0.0
47.0	28.0972909376999	22.363178320925233	21.349974811322557	28.189555930052318	0.0
48.0	28.453298757034133	21.70051944725401	21.793996405172564	28.052185390539293	0.0
49.0	28.17938157985157	22.03938677428684	21.504380702693737	28.27685094316785	0.0
50.0	28.311771315541062	22.248679991473253	21.47597590545565	27.96357278753004	0.0
51.0	28.615366552643696	21.492703059939622	21.680218065506473	28.21171232191021	0.0
52.0	28.259865591135895	21.978903737675523	21.39895694854236	28.36227372264622	0.0
53.0	28.145941279860015	22.243720694057014	21.56719039817406	28.043147627908915	0.0
54.0	28.596732682577482	21.572076338561775	21.613544672049027	28.217646306811716	0.0
55.0	28.093170456658218	22.204497512627995	21.465225444694852	28.237106586018935	0.0
56.0	28.151158708191907	22.123349361256903	21.68733407946144	28.038157851089746	0.0
57.0	28.739601643671786	21.43253148838559	21.602282784809127	28.225584083133498	0.0
58.0	28.256827813526574	21.8087231579442	21.99155260958997	27.942896418939263	0.0
59.0	28.387656184230014	21.88047864392029	21.54492965122874	28.186935520620953	0.0
60.0	28.834022853147665	21.304808203380954	21.52418835388619	28.3369805895852	0.0
61.0	28.112757434478734	21.99334168174447	21.623834001691545	28.27006688208525	0.0
62.0	28.103419385006866	22.323657023013702	21.293851352706792	28.27907223927264	0.0
63.0	28.541393528990746	21.64988908000286	21.46646658110231	28.34225080990409	0.0
64.0	28.15424251360516	21.9255699708661	21.59070824572055	28.32947926980819	0.0
65.0	28.25673216145479	21.981520465241324	21.648468784480222	28.113278588823665	0.0
66.0	28.292757275015422	21.738955268833784	21.870339331384137	28.097948124766653	0.0
67.0	28.17280132842962	22.05768323905744	21.485540951068273	28.28397448144467	0.0
68.0	28.426033056253818	22.136716550715356	21.62326015163991	27.81399024139092	0.0
69.0	28.555563635128152	21.561429485038257	21.80866921883842	28.074337660995173	0.0
70.0	28.141008171595928	21.889173986376367	21.5516802694267	28.418137572601005	0.0
71.0	28.27631621577207	22.107103097664833	21.61950056853823	27.99708011802487	0.0
72.0	28.394458009298628	21.501501303881827	21.71608238127734	28.38795830554221	0.0
73.0	28.029983341569974	22.053702542907324	21.536026061945506	28.38028805357719	0.0
74.0	28.1691564268908	22.413863911327198	21.268714095703135	28.148265566078866	0.0
75.0	28.617428961232584	21.50782069417263	21.678309717371995	28.196440627222785	0.0
76.0	28.10319457198839	21.90017857698662	21.708050793094888	28.288576057930104	0.0
77.0	28.19671617033435	21.889355364731543	21.60048720835456	28.313441256579548	0.0
78.0	28.462286781279232	21.366921471581474	21.9662379132732	28.204553833866093	0.0
79.0	28.049495053314327	21.823889180311596	21.807342838665633	28.319272927708443	0.0
80.0	28.380034140249737	21.993099601242722	21.458507433578024	28.168358824929513	0.0
81.0	28.428896173206976	21.314737683581907	21.884697177895333	28.371668965315784	0.0
82.0	28.14167112560677	21.72103007333881	21.772758682161534	28.364540118892883	0.0
83.0	28.301801293273883	21.987280410459384	21.59546806623498	28.11545023003175	0.0
84.0	28.55937003280439	21.3270619533172	21.894126187534987	28.219441826343417	0.0
85.0	28.213116975379666	21.76076439381877	21.719043240658266	28.3070753901433	0.0
86.0	28.262499361427512	22.093201595054733	21.64075351181993	28.00354553169782	0.0
87.0	28.415243569435262	21.67153509501629	22.04049418976087	27.87272714578758	0.0
