# Position (bp)	A	C	G	T	N
0.0	28.427366623572357	21.46323273075304	20.32804881303209	29.781351832642507	0.0
1.0	28.07503475374835	22.263492433293607	20.85160087643235	28.809871936525695	0.0
2.0	28.34300702375617	22.281613524942333	20.988512360179147	28.386867091122348	0.0
3.0	28.58202930488309	21.639687315696722	21.41001409092354	28.36826928849665	0.0
4.0	28.596194436798424	22.06683276947406	21.197650834246456	28.139321959481062	0.0
5.0	28.61309583503419	22.230166022342534	21.203197632126468	27.95354051049681	0.0
6.0	28.88546141719716	21.705805698018676	21.258492393855338	28.150240490928823	0.0
7.0	28.492368296593224	22.168338995741724	21.155851260968305	28.18344144669675	0.0
8.0	28.83259541903202	22.258731858399187	20.743239277101434	28.165433445467354	0.0
9.0	28.953344170231865	21.492278458240378	21.254057459829124	28.30031991169863	0.0
10.0	28.660983707076504	21.921638479611456	21.07975938009867	28.33761843321337	0.0
11.0	28.648703425987804	22.14165502820353	20.804380742178473	28.405260803630195	0.0
12.0	28.62405111816936	21.532747272771978	21.431771611863525	28.411429997195143	0.0
13.0	28.471058454953614	22.246530540203636	21.027914088096107	28.254496916746646	0.0
14.0	28.46015198548294	22.418652968551513	20.84909845345535	28.2720965925102	0.0
15.0	28.718629724893653	21.821290297256844	21.14531057777798	28.314769400071526	0.0
16.0	28.31903135023404	22.343311482966985	21.024875249597873	28.3127819172011	0.0
17.0	28.646001637141794	22.30497859894731	20.778077915341253	28.27094184856964	0.0
18.0	28.849844948974184	21.78376995529486	21.076389468580377	28.289995627150578	0.0
19.0	28.480359007507012	22.13100828231657	21.000702400927825	28.387930309248592	0.0
20.0	28.59582949390284	22.346587563589395	21.068710386364284	27.98887255614348	0.0
21.0	28.576675356757626	21.66735542896966	21.388114547722196	28.367854666550517	0.0
22.0	28.50644648901997	21.903096263702217	21.202354437106237	28.388102810171578	0.0
23.0	28.70882002905697	22.238519700461584	21.138130586356915	27.914529684124528	0.0
24.0	28.824296739565458	21.74037338706771	21.27013674701807	28.165193126348758	0.0
25.0	28.410031665873298	22.292553101277903	21.038127755241426	28.259287477607376	0.0
26.0	28.519535006520353	22.296920276727462	21.08070717186972	28.10283754488247	0.0
27.0	28.752983134608712	21.707785553192625	21.350411055969396	28.18882025622927	0.0
28.0	28.440053594483576	22.15760207461108	21.20341676664211	28.198927564263233	0.0
29.0	28.27879090590625	22.360242631904917	21.136793354125082	28.22417310806375	0.0
30.0	28.534303541942663	21.56322659363095	21.376571558708893	28.525898305717494	0.0
31.0	28.270324185494346	21.970527235727168	21.5015426018738	28.25760597690469	0.0
32.0	28.42915153642746	22.14250863306831	21.518042143801207	27.91029768670303	0.0
33.0	28.84506463132648	21.599499656573894	21.40117403890587	28.154261673193755	0.0
34.0	28.31381744777788	22.046802909598888	21.351249075867955	28.28813056675528	0.0
35.0	28.413665831828133	22.092830952125613	21.110995091583213	28.38250812446304	0.0
36.0	28.69335056764269	21.72974027577382	21.43505358453756	28.141855572045927	0.0
37.0	28.264141306171258	22.100476875066413	21.342057570577893	28.293324248184433	0.0
38.0	28.527298395288515	22.232046839572607	21.28021377965455	27.960440985484325	0.0
39.0	28.44961730484258	21.702614575904917	21.63631681540169	28.211451303850822	0.0
40.0	28.244027471964163	22.124651115511284	21.263075886633935	28.368245525890618	0.0
41.0	28.344562733090008	22.394444739383808	21.215436639033207	28.045555888492977	0.0
42.0	28.604304655617906	21.875390710399003	21.512051105841238	28.008253528141847	0.0
43.0	28.30697042631546	22.26645072468543	21.267010256613183	28.15956859238593	0.0
44.0	28.3380608823272	22.235392544755975	21.437011541981317	27.989535030935507	0.0
45.0	28.411518189483388	21.5728799856502	21.60870647239389	28.406895352472517	0.0
46.0	28.387767059927523	21.936187587087254	21.341369647669342	28.33467570531588	0.0
47.0	28.098484124774753	22.35879894867721	21.352587646904393	28.190129279643646	0.0
48.0	28.45016700443278	21.700678122934917	21.799165419644062	28.04998945298824	0.0
49.0	28.17741977005866	22.039642512897405	21.505574738068834	28.277362978975102	0.0
50.0	28.312159252275954	22.24265564576617	21.481565402997234	27.963619698960642	0.0
51.0	28.617816126543953	21.491518443542763	21.680709863501054	28.20995556641223	0.0
52.0	28.263590291789807	21.97566325857642	21.399476523271193	28.361269926362574	0.0
53.0	28.144847038142085	22.23874072943165	21.57174852312038	28.044663709305883	0.0
54.0	28.597090339407156	21.568398219796435	21.616898360096656	28.217613080699756	0.0
55.0	28.097373074554845	22.202943429156992	21.46539929657768	28.234284199710487	0.0
56.0	28.151359115817833	22.12094320531034	21.690981042625925	28.036716636245902	0.0
57.0	28.73793371190646	21.431046051246856	21.605293252420683	28.225726984426004	0.0
58.0	28.256188450468713	21.811354432702448	21.99359012943507	27.938866987393773	0.0
59.0	28.39130134801374	21.87676312109072	21.545946387906902	28.18598914298864	0.0
60.0	28.839128146520963	21.29995651056082	21.526929623190398	28.333985719727817	0.0
61.0	28.11715396384043	21.99035694216535	21.625041459272516	28.267447634721705	0.0
62.0	28.10694045481098	22.321389584363647	21.295263673891675	28.276406286933696	0.0
63.0	28.544522590468063	21.650224894260415	21.468907363510073	28.336345151761456	0.0
64.0	28.15418182903055	21.926855739132463	21.59439982361098	28.324562608226	0.0
65.0	28.25889637947283	21.972570588516334	21.6519126429821	28.116620389028736	0.0
66.0	28.290868499190292	21.7334764070855	21.877180584100763	28.098474509623443	0.0
67.0	28.17372666728427	22.060823238327213	21.484465299079822	28.280984795308694	0.0
68.0	28.427182958930185	22.134490507868236	21.630281607668923	27.808044925532656	0.0
69.0	28.5546819694329	21.560084953334652	21.814637127639653	28.070595949592796	0.0
70.0	28.14105657886045	21.88812078697615	21.553979763811633	28.416842870351772	0.0
71.0	28.283554063577938	22.105147982329505	21.62014681272266	27.9911511413699	0.0
72.0	28.38956489666531	21.505903453957483	21.718602466651586	28.385929182725622	0.0
73.0	28.037241696620118	22.052385268296682	21.536142106768754	28.374230928314446	0.0
74.0	28.1722047413832	22.41139430375322	21.272526276219743	28.143874678643833	0.0
75.0	28.617791638009514	21.510101717596513	21.67950488807887	28.1926017563151	0.0
76.0	28.105865895128236	21.90501978606088	21.706622541499872	28.28249177731101	0.0
77.0	28.20124718086313	21.892823760665657	21.59897301999407	28.306956038477143	0.0
78.0	28.459082126948577	21.377789428595694	21.959567311461946	28.203561132993784	0.0
79.0	28.04822193440131	21.834373778136985	21.800260622962533	28.317143664499163	0.0
80.0	28.374612361405617	22.006519843883993	21.447925697827245	28.170942096883145	0.0
81.0	28.4298850913197	21.31831893177214	21.87061015786635	28.38118581904181	0.0
82.0	28.1345573181845	21.724503548146224	21.77450240556428	28.366436728104993	0.0
83.0	28.298522744371095	22.00829921538944	21.591446250930108	28.10173178930936	0.0
84.0	28.55810302035503	21.342561509749956	21.88239728988082	28.216938180014196	0.0
85.0	28.216110683016325	21.76161359797753	21.71091052282178	28.31136519618436	0.0
86.0	28.281008636531634	22.096295240280114	21.63152297045416	27.99117315273409	0.0
87.0	28.420973570032448	21.678050704829083	22.034126524827204	27.86684920031126	0.0
